Topic	Normalized Score
0	-1.431
1	-0.501
2	0.915
3	2.753
4	-1.025
5	0.301
6	-1.105
7	-0.730
8	-0.670
9	-0.273
10	-0.732
11	1.616
12	-0.219
13	1.456
14	0.337
15	-1.083
16	-0.156
17	-0.966
18	-1.776
19	1.153
20	0.958
21	-0.291
22	0.781
23	0.381
24	-1.145
25	1.102
26	0.821
27	0.683
28	1.339
29	-0.425
30	0.361
31	-0.633
32	0.362
33	0.395
34	1.863
35	0.416
36	0.755
37	-0.527
38	0.221
39	0.997
40	1.028
41	-0.729
42	-1.314
43	-0.936
44	-1.356
45	0.122
46	0.692
47	-1.272
48	0.392
49	0.247
50	-0.644
51	-0.679
52	-1.349
53	0.366
54	-1.186
55	0.327
56	0.410
57	0.941
58	2.566
59	0.762
60	-0.511
61	-2.375
62	1.624
63	-0.179
64	0.664
65	-0.323
66	0.625
67	0.551
68	0.539
69	-0.358
70	0.497
71	-0.708
72	0.099
73	2.104
74	-0.516
75	-0.134
76	-1.076
77	0.697
78	-0.472
79	0.521
80	0.625
81	1.095
82	-0.132
83	-0.153
84	0.535
85	-1.367
86	-0.220
87	0.140
88	1.712
89	-1.088
90	-0.617
91	-1.236
92	-0.766
93	0.386
94	0.044
95	-0.387
96	1.781
97	-0.225
98	-0.508
99	-0.885
100	-2.603
101	1.526
102	2.544
103	0.055
104	2.459
105	0.793
106	0.124
107	0.419
108	-0.944
109	1.678
110	0.423
111	0.985
112	0.703
113	-0.612
114	-0.329
115	-0.109
116	0.675
117	0.527
118	-2.435
119	0.424
120	-1.530
121	1.188
122	0.677
123	-0.141
124	0.431
125	0.739
126	-1.264
127	2.315
128	-0.494
129	-2.312
130	-1.212
131	-0.659
132	-1.110
133	-0.153
134	-0.471
135	-0.219
136	1.219
137	1.102
138	0.175
139	-0.022
140	-0.468
141	-0.837
142	-0.880
143	1.428
144	0.192
145	-1.552
146	-0.233
147	0.199
148	-0.447
149	1.724
150	0.598
151	-0.263
152	-0.779
153	-0.986
154	-0.462
155	-1.633
156	-0.830
157	0.137
158	-0.991
159	3.391
160	-1.258
161	-0.753
162	-0.937
163	-0.152
164	0.852
165	0.692
166	0.832
167	-0.013
168	-1.231
169	0.726
170	1.666
171	-1.351
172	-0.249
173	3.226
174	1.185
175	-0.968
176	0.222
177	0.840
178	0.447
179	-1.083
180	-0.019
181	-0.242
182	0.265
183	0.072
184	-0.168
185	-0.648
186	1.527
187	-0.248
188	0.650
189	0.147
190	2.136
191	-0.388
192	-0.616
193	-0.884
194	-0.072
195	-0.581
196	1.212
197	0.128
198	-0.502
199	-0.154
200	1.649
201	-0.503
202	-0.751
203	-1.338
204	-0.134
205	0.500
206	0.950
207	0.374
208	1.445
209	0.973
210	-0.542
211	-1.377
212	-1.642
213	-2.010
214	-1.632
215	-1.246
216	2.829
217	-0.844
218	-1.533
219	-0.080
220	-2.972
221	0.784
222	0.713
223	0.030
224	-0.817
225	0.441
226	-0.442
227	0.331
228	0.913
229	0.338
230	0.723
231	-0.656
232	-0.322
233	-0.545
234	0.788
235	-0.134
236	-0.188
237	-0.081
238	-1.245
239	0.747
240	0.291
241	0.737
242	-1.563
243	1.028
244	-0.446
245	-0.269
246	0.558
247	1.946
248	-0.051
249	-0.914
250	0.430
251	-0.227
252	0.611
253	0.365
254	2.835
255	1.840
256	0.691
257	0.688
258	-1.440
259	-0.300
260	-0.286
261	-1.200
262	0.259
263	-1.467
264	-1.037
265	0.623
266	0.761
267	-0.362
268	-0.056
269	-0.407
270	0.553
271	-0.633
272	1.043
273	0.573
274	-0.624
275	0.536
276	-0.092
277	-0.936
278	-0.698
279	-0.588
280	-0.259
281	-1.251
282	-1.647
283	1.744
284	0.274
285	2.482
286	0.669
287	1.419
288	1.252
289	1.512
290	0.090
291	-0.344
292	-0.804
293	-1.152
294	0.625
295	2.028
296	0.674
297	1.192
298	1.273
299	-0.685
300	2.665
301	1.721
302	0.262
303	0.117
304	0.481
305	-0.352
306	-2.364
307	0.251
308	0.809
309	0.554
310	2.223
311	-0.589
312	-1.219
313	-0.184
314	1.351
315	0.253
316	-0.062
317	0.521
318	-0.073
319	0.097
320	0.105
321	0.620
322	-0.556
323	2.989
324	-2.181
325	0.925
326	-0.227
327	-0.694
328	0.624
329	0.991
330	-0.103
331	-1.824
332	-0.338
333	-0.894
334	-2.407
335	0.224
336	-1.033
337	-0.251
338	1.006
339	-0.393
340	1.373
341	-0.712
342	0.738
343	-0.484
344	-0.738
345	-1.927
346	1.657
347	-0.914
348	0.153
349	1.292
350	-1.220
351	-1.174
352	1.153
353	-0.255
354	0.181
355	0.465
356	-0.139
357	-0.213
358	0.046
359	0.485
360	-1.215
361	0.552
362	1.156
363	0.873
364	-0.568
365	2.032
366	-0.789
367	0.939
368	0.808
369	-1.874
370	0.011
371	1.094
372	-0.213
373	-1.455
374	0.066
375	2.028
376	-0.479
377	-0.814
378	0.111
379	1.077
380	-0.121
381	1.397
382	-0.299
383	1.143
384	0.725
385	-0.505
386	2.368
387	-0.879
388	0.834
389	-0.006
390	-0.906
391	1.067
392	-0.213
393	0.611
394	-0.566
395	0.397
396	0.461
397	-0.818
398	-0.345
399	0.606
400	-0.052
401	-0.869
402	-0.298
403	-0.158
404	-0.163
405	-0.050
406	0.057
407	-0.126
408	0.754
409	0.184
410	0.938
411	0.626
412	0.015
413	-1.422
414	0.365
415	3.212
416	-0.100
417	-0.697
418	-2.078
419	-0.069
420	-0.735
421	1.581
422	-0.533
423	-0.073
424	0.490
425	0.358
426	2.503
427	0.235
428	-0.691
429	0.500
430	0.183
431	0.158
432	0.735
433	0.705
434	1.164
435	-0.623
436	0.692
437	-1.829
438	0.400
439	0.510
440	-2.043
441	-0.540
442	1.886
443	-1.577
444	0.463
445	0.108
446	-1.687
447	-0.948
448	0.357
449	-1.917
450	-1.167
451	-2.029
452	-1.144
453	-0.807
454	-0.342
455	-0.524
456	-0.598
457	2.295
458	-0.143
459	0.738
460	0.009
461	-0.454
462	-1.075
463	0.287
464	0.667
465	1.387
466	0.147
467	-0.747
468	2.134
469	0.738
470	-0.114
471	0.089
472	-1.500
473	0.096
474	-1.143
475	1.412
476	-0.855
477	-1.095
478	-0.410
479	-0.396
480	0.235
481	-0.820
482	-1.080
483	-0.319
484	2.236
485	-0.392
486	-0.135
487	-0.069
488	-0.709
489	0.133
490	-1.548
491	-1.165
492	-0.182
493	0.292
494	-1.611
495	-0.099
496	1.802
497	-0.946
498	0.929
499	0.651
500	-1.024
501	0.356
502	-1.714
503	-0.500
504	-1.018
505	0.472
506	0.526
507	-0.596
508	1.022
509	1.363
510	-0.119
511	-0.357
512	-0.772
513	0.158
514	0.641
515	-0.688
516	0.074
517	0.499
518	0.313
519	-0.602
520	-1.447
521	1.625
522	0.041
523	0.360
524	-0.077
525	0.074
526	0.267
527	-1.044
528	-1.072
529	0.580
530	0.257
531	-0.151
532	0.407
533	-0.893
534	-0.634
535	-0.156
536	2.004
537	1.655
538	1.576
539	-0.383
540	0.136
541	-1.262
542	0.936
543	-0.272
544	0.999
545	-0.526
546	0.349
547	-0.590
548	-0.169
549	2.265
550	0.324
551	-1.581
552	-0.378
553	0.159
554	0.091
555	-1.147
556	-1.771
557	0.848
558	-2.281
559	-1.002
560	1.100
561	-0.559
562	0.641
563	1.661
564	0.262
565	-1.057
566	0.593
567	0.316
568	1.612
569	2.065
570	0.421
571	-0.580
572	0.764
573	1.935
574	-2.060
575	-0.362
576	0.131
577	-1.230
578	-0.158
579	0.158
580	-0.535
581	-0.241
582	0.944
583	2.628
584	-0.735
585	-0.158
586	0.508
587	0.861
588	0.759
589	-1.351
590	-0.395
591	-0.184
592	0.451
593	0.909
594	-2.005
595	0.442
596	0.847
597	-0.743
598	-0.160
599	-0.739
600	-0.095
601	1.399
602	1.109
603	-0.872
604	0.351
605	-2.047
606	-0.626
607	-0.246
608	0.757
609	-0.423
610	1.155
611	-0.328
612	-1.307
613	0.597
614	-0.127
615	0.071
616	0.536
617	-0.150
618	-0.258
619	1.122
620	-0.893
621	-0.502
622	-1.830
623	1.702
624	-0.470
625	0.927
626	-0.762
627	0.509
628	-1.076
629	0.001
630	-0.454
631	-0.605
632	-1.420
633	-0.686
634	-1.009
635	-1.161
636	-0.800
637	-0.363
638	0.699
639	2.232
640	-0.082
641	1.671
642	-0.931
643	-0.904
644	0.320
645	1.642
646	-1.203
647	0.855
648	-1.419
649	-0.103
650	-1.268
651	-1.330
652	0.256
653	0.124
654	0.248
655	-0.710
656	0.818
657	-0.104
658	0.597
659	1.424
660	2.090
661	0.460
662	-1.610
663	-0.008
664	-0.299
665	0.479
666	-0.354
667	0.514
668	0.606
669	2.550
670	-0.749
671	-1.407
672	-0.455
673	-0.353
674	-0.953
675	0.284
676	0.101
677	0.313
678	0.304
679	-3.364
680	1.770
681	0.425
682	-1.210
683	-1.031
684	-0.821
685	-1.705
686	0.124
687	-0.238
688	0.874
689	-0.353
690	0.274
691	1.695
692	0.774
693	0.203
694	0.737
695	-2.826
696	0.149
697	-0.627
698	-0.813
699	-2.225
700	0.641
701	-0.701
702	1.791
703	1.654
704	0.717
705	0.004
706	-0.284
707	-0.170
708	1.005
709	0.957
710	-0.344
711	-0.909
712	1.229
713	-0.046
714	0.938
715	-0.354
716	0.297
717	2.405
718	-1.499
719	-0.687
720	-0.535
721	0.661
722	0.387
723	0.129
724	-0.516
725	-0.160
726	-0.558
727	-1.284
728	-0.547
729	-0.213
730	-0.613
731	0.883
732	-0.544
733	-0.408
734	-0.178
735	-0.038
736	0.264
737	0.209
738	-1.852
739	-0.798
740	-1.811
741	-0.156
742	-0.222
743	-0.059
744	-1.455
745	-1.978
746	0.763
747	-0.684
748	0.655
749	0.201
750	-0.133
751	-1.880
752	-0.356
753	-1.219
754	-1.287
755	-0.581
756	-0.456
757	-0.551
758	-0.319
759	-0.738
760	-0.435
761	0.020
762	0.609
763	-1.225
764	0.749
765	2.093
766	0.397
767	0.143
768	-0.922
769	0.462
770	-0.031
771	-0.093
772	2.356
773	0.253
774	-0.612
775	-0.055
776	-2.154
777	0.682
778	-0.382
779	1.207
780	-0.586
781	0.829
782	-1.277
783	-1.353
784	0.022
785	0.071
786	-0.665
787	-0.179
788	1.175
789	0.667
790	0.448
791	-1.748
792	-0.216
793	0.495
794	0.737
795	1.525
796	-0.494
797	0.246
798	0.971
799	-0.126
800	-0.856
801	-1.524
802	0.256
803	-0.100
804	-0.340
805	1.627
806	-0.214
807	0.636
808	1.035
809	-1.569
810	-1.997
811	-0.216
812	-1.278
813	0.714
814	0.446
815	0.758
816	-0.242
817	1.252
818	-0.149
819	-0.707
820	0.849
821	-1.110
822	-0.073
823	-0.834
824	-0.543
825	-0.629
826	-0.067
827	0.088
828	1.069
829	0.670
830	-1.793
831	1.836
832	-0.183
833	1.141
834	1.204
835	2.154
836	-0.803
837	1.348
838	-1.243
839	1.762
840	0.360
841	-1.113
842	0.284
843	0.157
844	-1.097
845	-1.068
846	-0.351
847	-0.452
848	-0.387
849	0.147
850	1.276
851	-0.484
852	-0.518
853	1.343
854	-0.652
855	0.522
856	-0.783
857	3.539
858	0.622
859	0.551
860	0.433
861	-0.233
862	-0.595
863	-0.503
864	0.562
865	-0.585
866	0.112
867	-0.302
868	-1.508
869	0.715
870	-0.563
871	0.640
872	2.118
873	-0.953
874	-0.843
875	-0.090
876	-0.233
877	0.066
878	0.034
879	-1.456
880	-0.798
881	0.823
882	0.097
883	-0.124
884	0.594
885	-0.232
886	-1.294
887	0.078
888	-0.814
889	0.628
890	1.260
891	-0.340
892	-1.108
893	0.248
894	0.045
895	1.051
896	-1.130
897	-1.073
898	0.114
899	1.021
900	1.056
901	0.037
902	-0.877
903	0.966
904	0.961
905	0.488
906	-0.414
907	-1.869
908	1.433
909	-0.642
910	-0.238
911	0.910
912	0.833
913	0.112
914	0.646
915	0.235
916	1.570
917	-0.460
918	0.178
919	-0.430
920	-0.794
921	-0.578
922	-0.702
923	2.355
924	-0.215
925	-0.893
926	0.291
927	3.100
928	-1.227
929	1.059
930	0.528
931	-0.805
932	0.946
933	0.753
934	0.304
935	1.131
936	0.733
937	-0.785
938	-0.282
939	0.160
940	0.971
941	0.339
942	-1.047
943	-0.608
944	-0.598
945	-0.712
946	0.146
947	-0.552
948	-0.558
949	0.144
950	0.352
951	-1.047
952	0.149
953	0.225
954	-1.072
955	-1.299
956	-1.038
957	1.303
958	-0.738
959	1.333
960	-0.207
961	0.649
962	-0.446
963	0.550
964	0.004
965	0.147
966	-0.453
967	0.422
968	1.816
969	0.156
970	2.224
971	-1.036
972	0.610
973	0.271
974	-0.635
975	-0.667
976	-1.610
977	0.598
978	0.455
979	-1.621
980	-1.595
981	-0.261
982	0.799
983	1.026
984	-0.927
985	-0.548
986	0.858
987	-0.473
988	-0.403
989	-1.415
990	1.028
991	-0.374
992	-0.008
993	-0.108
994	0.161
995	0.301
996	0.609
997	0.638
998	-0.562
999	0.356
1000	-0.483
1001	1.496
1002	0.924
1003	-0.262
1004	3.215
1005	-1.618
1006	-0.425
1007	1.093
1008	1.225
1009	-0.317
1010	-0.754
1011	-1.120
1012	-0.206
1013	-0.261
1014	0.066
1015	0.540
1016	0.281
1017	-1.148
1018	-1.470
1019	-0.309
1020	0.059
1021	-0.090
1022	-0.059
1023	0.886
1024	0.174
1025	1.001
1026	0.030
1027	-1.524
1028	0.261
1029	-0.310
1030	-0.974
1031	-0.444
1032	-0.782
1033	0.496
1034	1.144
1035	0.038
1036	0.602
1037	-0.734
1038	1.415
1039	-0.305
1040	0.463
1041	-0.885
1042	0.799
1043	-0.405
1044	1.799
1045	-0.792
1046	0.020
1047	-0.279
1048	0.015
1049	0.614
1050	0.774
1051	0.375
1052	-0.237
1053	-0.086
1054	-0.446
1055	0.456
1056	-0.531
1057	-0.194
1058	0.434
1059	-0.601
1060	-0.260
1061	0.355
1062	-0.552
1063	0.656
1064	-1.167
1065	-0.054
1066	-0.344
1067	-0.784
1068	-0.225
1069	-0.021
1070	-1.294
1071	0.111
1072	0.640
1073	0.209
1074	0.185
1075	0.222
1076	1.295
1077	-1.172
1078	0.360
1079	2.683
1080	0.056
1081	-0.090
1082	-1.018
1083	3.147
1084	0.092
1085	-1.218
1086	0.098
1087	0.124
1088	0.482
1089	-0.128
1090	0.005
1091	0.505
1092	-0.751
1093	-0.155
1094	-1.064
1095	-1.374
1096	0.406
1097	0.203
1098	0.421
1099	-0.392
1100	0.465
1101	0.678
1102	-1.909
1103	-0.500
1104	0.161
1105	-0.535
1106	0.005
1107	1.863
1108	-0.453
1109	-1.716
1110	-1.570
1111	0.203
1112	-0.223
1113	-0.518
1114	0.444
1115	-1.101
1116	0.273
1117	-0.024
1118	-0.875
1119	0.958
1120	-1.309
1121	1.873
1122	-0.045
1123	-0.829
1124	1.547
1125	1.638
1126	-0.687
1127	-1.050
1128	0.112
1129	-1.375
1130	-0.086
1131	0.084
1132	-0.356
1133	1.401
1134	1.821
1135	-0.018
1136	-0.787
1137	-1.383
1138	-0.969
1139	-0.534
1140	1.140
1141	-0.858
1142	-0.344
1143	-0.625
1144	2.070
1145	-0.487
1146	-1.061
1147	-0.422
1148	-0.502
1149	-0.975
1150	-0.032
1151	-2.032
1152	-0.047
1153	0.460
1154	0.666
1155	-0.661
1156	0.049
1157	0.176
1158	0.125
1159	-0.262
1160	1.680
1161	0.248
1162	0.253
1163	-0.323
1164	-0.400
1165	-1.549
1166	0.805
1167	-1.909
1168	3.464
1169	-0.624
1170	1.460
1171	-0.359
1172	2.888
1173	-0.941
1174	1.137
1175	1.674
1176	2.164
1177	0.407
1178	0.335
1179	0.495
1180	-1.256
1181	0.690
1182	0.073
1183	0.420
1184	2.185
1185	-1.301
1186	-0.367
1187	-0.351
1188	-0.089
1189	0.434
1190	0.908
1191	-0.214
1192	0.075
1193	-1.045
1194	0.422
1195	0.503
1196	-0.837
1197	0.655
1198	-0.195
1199	-1.642
1200	-0.985
1201	-1.396
1202	0.490
1203	-0.844
1204	0.734
1205	-0.982
1206	-1.081
1207	-0.209
1208	-0.549
1209	-0.111
1210	0.175
1211	-0.841
1212	-1.339
1213	-0.111
1214	-0.692
1215	-0.069
1216	-1.109
1217	0.545
1218	-1.569
1219	-0.997
1220	0.558
1221	0.471
1222	1.232
1223	0.408
1224	-0.638
1225	0.179
1226	-0.161
1227	-0.169
1228	-0.090
1229	-1.789
1230	-0.177
1231	-0.103
1232	1.039
1233	0.830
1234	-0.270
1235	0.104
1236	0.559
1237	-1.030
1238	0.398
1239	-0.912
1240	0.719
1241	1.494
1242	0.874
1243	0.191
1244	0.668
1245	-0.247
1246	-0.116
1247	1.321
1248	-1.006
1249	-0.516
1250	0.063
1251	-1.588
1252	2.258
1253	2.051
1254	0.289
1255	-0.227
1256	-0.926
1257	-0.264
1258	-0.546
1259	-0.209
1260	0.024
1261	-0.873
1262	1.377
1263	-0.168
1264	-1.753
1265	0.374
1266	-0.709
1267	-0.132
1268	-0.101
1269	-0.049
1270	-1.811
1271	0.152
1272	-1.669
1273	-0.505
1274	-0.600
1275	0.147
