Topic	Normalized Score
857	3.539
1168	3.464
159	3.391
173	3.226
1004	3.215
415	3.212
1083	3.147
927	3.100
323	2.989
1172	2.888
254	2.835
216	2.829
3	2.753
1079	2.683
300	2.665
583	2.628
58	2.566
669	2.550
102	2.544
426	2.503
285	2.482
104	2.459
717	2.405
386	2.368
772	2.356
923	2.355
127	2.315
457	2.295
549	2.265
1252	2.258
484	2.236
639	2.232
970	2.224
310	2.223
1184	2.185
1176	2.164
835	2.154
190	2.136
468	2.134
872	2.118
73	2.104
765	2.093
660	2.090
1144	2.070
569	2.065
1253	2.051
365	2.032
295	2.028
375	2.028
536	2.004
247	1.946
573	1.935
442	1.886
1121	1.873
34	1.863
1107	1.863
255	1.840
831	1.836
1134	1.821
968	1.816
496	1.802
1044	1.799
702	1.791
96	1.781
680	1.770
839	1.762
283	1.744
149	1.724
301	1.721
88	1.712
623	1.702
691	1.695
1160	1.680
109	1.678
1175	1.674
641	1.671
170	1.666
563	1.661
346	1.657
537	1.655
703	1.654
200	1.649
645	1.642
1125	1.638
805	1.627
521	1.625
62	1.624
11	1.616
568	1.612
421	1.581
538	1.576
916	1.570
1124	1.547
186	1.527
101	1.526
795	1.525
289	1.512
1001	1.496
1241	1.494
1170	1.460
13	1.456
208	1.445
908	1.433
143	1.428
659	1.424
287	1.419
1038	1.415
475	1.412
1133	1.401
601	1.399
381	1.397
465	1.387
1262	1.377
340	1.373
509	1.363
314	1.351
837	1.348
853	1.343
28	1.339
959	1.333
1247	1.321
957	1.303
1076	1.295
349	1.292
850	1.276
298	1.273
890	1.260
288	1.252
817	1.252
1222	1.232
712	1.229
1008	1.225
136	1.219
196	1.212
779	1.207
834	1.204
297	1.192
121	1.188
174	1.185
788	1.175
434	1.164
362	1.156
610	1.155
352	1.153
19	1.153
1034	1.144
383	1.143
833	1.141
1140	1.140
1174	1.137
935	1.131
619	1.122
602	1.109
137	1.102
25	1.102
560	1.100
81	1.095
371	1.094
1007	1.093
379	1.077
828	1.069
391	1.067
929	1.059
900	1.056
895	1.051
272	1.043
1232	1.039
808	1.035
40	1.028
990	1.028
243	1.028
983	1.026
508	1.022
899	1.021
338	1.006
708	1.005
1025	1.001
544	0.999
39	0.997
329	0.991
111	0.985
209	0.973
940	0.971
798	0.971
903	0.966
904	0.961
20	0.958
1119	0.958
709	0.957
206	0.950
932	0.946
582	0.944
57	0.941
367	0.939
410	0.938
714	0.938
542	0.936
498	0.929
625	0.927
325	0.925
1002	0.924
2	0.915
228	0.913
911	0.910
593	0.909
1190	0.908
1023	0.886
731	0.883
688	0.874
1242	0.874
363	0.873
587	0.861
986	0.858
647	0.855
164	0.852
820	0.849
557	0.848
596	0.847
177	0.840
388	0.834
912	0.833
166	0.832
1233	0.830
781	0.829
881	0.823
26	0.821
656	0.818
308	0.809
368	0.808
1166	0.805
1042	0.799
982	0.799
105	0.793
234	0.788
221	0.784
22	0.781
1050	0.774
692	0.774
572	0.764
746	0.763
59	0.762
266	0.761
588	0.759
815	0.758
608	0.757
36	0.755
408	0.754
933	0.753
764	0.749
239	0.747
125	0.739
469	0.738
459	0.738
342	0.738
241	0.737
794	0.737
694	0.737
432	0.735
1204	0.734
936	0.733
169	0.726
384	0.725
230	0.723
1240	0.719
704	0.717
869	0.715
813	0.714
222	0.713
433	0.705
112	0.703
638	0.699
77	0.697
46	0.692
165	0.692
436	0.692
256	0.691
1181	0.690
257	0.688
27	0.683
777	0.682
1101	0.678
122	0.677
116	0.675
296	0.674
829	0.670
286	0.669
1244	0.668
464	0.667
789	0.667
1154	0.666
64	0.664
721	0.661
1063	0.656
748	0.655
1197	0.655
499	0.651
188	0.650
961	0.649
914	0.646
514	0.641
700	0.641
562	0.641
871	0.640
1072	0.640
997	0.638
807	0.636
889	0.628
411	0.626
66	0.625
80	0.625
294	0.625
328	0.624
265	0.623
858	0.622
321	0.620
1049	0.614
252	0.611
393	0.611
972	0.610
996	0.609
762	0.609
668	0.606
399	0.606
1036	0.602
977	0.598
150	0.598
658	0.597
613	0.597
884	0.594
566	0.593
529	0.580
273	0.573
864	0.562
1236	0.559
246	0.558
1220	0.558
309	0.554
270	0.553
361	0.552
67	0.551
859	0.551
963	0.550
1217	0.545
1015	0.540
68	0.539
275	0.536
616	0.536
84	0.535
930	0.528
117	0.527
506	0.526
855	0.522
317	0.521
79	0.521
667	0.514
439	0.510
627	0.509
586	0.508
1091	0.505
1195	0.503
205	0.500
429	0.500
517	0.499
70	0.497
1033	0.496
1179	0.495
793	0.495
424	0.490
1202	0.490
905	0.488
359	0.485
1088	0.482
304	0.481
665	0.479
505	0.472
1221	0.471
1100	0.465
355	0.465
444	0.463
1040	0.463
769	0.462
396	0.461
661	0.460
1153	0.460
1055	0.456
978	0.455
592	0.451
790	0.448
178	0.447
814	0.446
1114	0.444
595	0.442
225	0.441
1189	0.434
1058	0.434
860	0.433
124	0.431
250	0.430
681	0.425
119	0.424
110	0.423
1194	0.422
967	0.422
570	0.421
1098	0.421
1183	0.420
107	0.419
35	0.416
56	0.410
1223	0.408
1177	0.407
532	0.407
1096	0.406
438	0.400
1238	0.398
395	0.397
766	0.397
33	0.395
48	0.392
722	0.387
93	0.386
23	0.381
1051	0.375
207	0.374
1265	0.374
53	0.366
414	0.365
253	0.365
32	0.362
30	0.361
840	0.360
1078	0.360
523	0.360
425	0.358
448	0.357
501	0.356
999	0.356
1061	0.355
950	0.352
604	0.351
546	0.349
941	0.339
229	0.338
14	0.337
1178	0.335
227	0.331
55	0.327
550	0.324
644	0.320
567	0.316
677	0.313
518	0.313
934	0.304
678	0.304
995	0.301
5	0.301
716	0.297
493	0.292
240	0.291
926	0.291
1254	0.289
463	0.287
842	0.284
675	0.284
1016	0.281
284	0.274
690	0.274
1116	0.273
973	0.271
526	0.267
182	0.265
736	0.264
564	0.262
302	0.262
1028	0.261
262	0.259
530	0.257
652	0.256
802	0.256
773	0.253
315	0.253
1162	0.253
307	0.251
1161	0.248
893	0.248
654	0.248
49	0.247
797	0.246
427	0.235
915	0.235
480	0.235
953	0.225
335	0.224
1075	0.222
176	0.222
38	0.221
737	0.209
1073	0.209
1111	0.203
693	0.203
1097	0.203
749	0.201
147	0.199
144	0.192
1243	0.191
1074	0.185
409	0.184
430	0.183
354	0.181
1225	0.179
918	0.178
1157	0.176
1210	0.175
138	0.175
1024	0.174
994	0.161
1104	0.161
939	0.160
553	0.159
513	0.158
431	0.158
579	0.158
843	0.157
969	0.156
348	0.153
1271	0.152
696	0.149
952	0.149
466	0.147
849	0.147
189	0.147
1275	0.147
965	0.147
946	0.146
949	0.144
767	0.143
87	0.140
157	0.137
540	0.136
489	0.133
576	0.131
723	0.129
197	0.128
1158	0.125
686	0.124
1087	0.124
106	0.124
653	0.124
45	0.122
303	0.117
898	0.114
913	0.112
1128	0.112
866	0.112
378	0.111
1071	0.111
445	0.108
320	0.105
1235	0.104
676	0.101
72	0.099
1086	0.098
319	0.097
882	0.097
473	0.096
1084	0.092
554	0.091
290	0.090
471	0.089
827	0.088
1131	0.084
887	0.078
1192	0.075
525	0.074
516	0.074
1182	0.073
183	0.072
615	0.071
785	0.071
1014	0.066
877	0.066
374	0.066
1250	0.063
1020	0.059
406	0.057
1080	0.056
103	0.055
1156	0.049
358	0.046
894	0.045
94	0.044
522	0.041
1035	0.038
901	0.037
878	0.034
223	0.030
1026	0.030
1260	0.024
784	0.022
1046	0.020
761	0.020
1048	0.015
412	0.015
370	0.011
460	0.009
1090	0.005
1106	0.005
705	0.004
964	0.004
629	0.001
389	-0.006
663	-0.008
992	-0.008
167	-0.013
1135	-0.018
180	-0.019
1069	-0.021
139	-0.022
1117	-0.024
770	-0.031
1150	-0.032
735	-0.038
1122	-0.045
713	-0.046
1152	-0.047
1269	-0.049
405	-0.050
248	-0.051
400	-0.052
1065	-0.054
775	-0.055
268	-0.056
1022	-0.059
743	-0.059
316	-0.062
826	-0.067
1215	-0.069
487	-0.069
419	-0.069
194	-0.072
318	-0.073
822	-0.073
423	-0.073
524	-0.077
219	-0.080
237	-0.081
640	-0.082
1053	-0.086
1130	-0.086
1188	-0.089
1021	-0.090
1081	-0.090
1228	-0.090
875	-0.090
276	-0.092
771	-0.093
600	-0.095
495	-0.099
416	-0.100
803	-0.100
1268	-0.101
649	-0.103
330	-0.103
1231	-0.103
657	-0.104
993	-0.108
115	-0.109
1209	-0.111
1213	-0.111
470	-0.114
1246	-0.116
510	-0.119
380	-0.121
883	-0.124
799	-0.126
407	-0.126
614	-0.127
1089	-0.128
1267	-0.132
82	-0.132
750	-0.133
204	-0.134
235	-0.134
75	-0.134
486	-0.135
356	-0.139
123	-0.141
458	-0.143
818	-0.149
617	-0.150
531	-0.151
163	-0.152
83	-0.153
133	-0.153
199	-0.154
1093	-0.155
535	-0.156
16	-0.156
741	-0.156
403	-0.158
578	-0.158
585	-0.158
725	-0.160
598	-0.160
1226	-0.161
404	-0.163
184	-0.168
1263	-0.168
548	-0.169
1227	-0.169
707	-0.170
1230	-0.177
734	-0.178
787	-0.179
63	-0.179
492	-0.182
832	-0.183
313	-0.184
591	-0.184
236	-0.188
1057	-0.194
1198	-0.195
1012	-0.206
960	-0.207
1259	-0.209
1207	-0.209
729	-0.213
357	-0.213
392	-0.213
372	-0.213
806	-0.214
1191	-0.214
924	-0.215
811	-0.216
792	-0.216
135	-0.219
12	-0.219
86	-0.220
742	-0.222
1112	-0.223
1068	-0.225
97	-0.225
326	-0.227
1255	-0.227
251	-0.227
885	-0.232
876	-0.233
861	-0.233
146	-0.233
1052	-0.237
687	-0.238
910	-0.238
581	-0.241
816	-0.242
181	-0.242
607	-0.246
1245	-0.247
187	-0.248
172	-0.249
337	-0.251
353	-0.255
618	-0.258
280	-0.259
1060	-0.260
1013	-0.261
981	-0.261
1003	-0.262
1159	-0.262
151	-0.263
1257	-0.264
245	-0.269
1234	-0.270
543	-0.272
9	-0.273
1047	-0.279
938	-0.282
706	-0.284
260	-0.286
21	-0.291
402	-0.298
382	-0.299
664	-0.299
259	-0.300
867	-0.302
1039	-0.305
1019	-0.309
1029	-0.310
1009	-0.317
758	-0.319
483	-0.319
232	-0.322
1163	-0.323
65	-0.323
611	-0.328
114	-0.329
332	-0.338
891	-0.340
804	-0.340
454	-0.342
291	-0.344
1066	-0.344
710	-0.344
1142	-0.344
398	-0.345
1187	-0.351
846	-0.351
305	-0.352
673	-0.353
689	-0.353
666	-0.354
715	-0.354
752	-0.356
1132	-0.356
511	-0.357
69	-0.358
1171	-0.359
575	-0.362
267	-0.362
637	-0.363
1186	-0.367
991	-0.374
552	-0.378
778	-0.382
539	-0.383
848	-0.387
95	-0.387
191	-0.388
485	-0.392
1099	-0.392
339	-0.393
590	-0.395
479	-0.396
1164	-0.400
988	-0.403
1043	-0.405
269	-0.407
733	-0.408
478	-0.410
906	-0.414
1147	-0.422
609	-0.423
1006	-0.425
29	-0.425
919	-0.430
760	-0.435
226	-0.442
1031	-0.444
244	-0.446
962	-0.446
1054	-0.446
148	-0.447
847	-0.452
966	-0.453
1108	-0.453
461	-0.454
630	-0.454
672	-0.455
756	-0.456
917	-0.460
154	-0.462
140	-0.468
624	-0.470
134	-0.471
78	-0.472
987	-0.473
376	-0.479
1000	-0.483
343	-0.484
851	-0.484
1145	-0.487
128	-0.494
796	-0.494
1103	-0.500
503	-0.500
1	-0.501
621	-0.502
198	-0.502
1148	-0.502
201	-0.503
863	-0.503
385	-0.505
1273	-0.505
98	-0.508
60	-0.511
724	-0.516
1249	-0.516
74	-0.516
1113	-0.518
852	-0.518
455	-0.524
545	-0.526
37	-0.527
1056	-0.531
422	-0.533
1139	-0.534
1105	-0.535
580	-0.535
720	-0.535
441	-0.540
210	-0.542
824	-0.543
732	-0.544
233	-0.545
1258	-0.546
728	-0.547
985	-0.548
1208	-0.549
757	-0.551
1062	-0.552
947	-0.552
322	-0.556
948	-0.558
726	-0.558
561	-0.559
998	-0.562
870	-0.563
394	-0.566
364	-0.568
921	-0.578
571	-0.580
195	-0.581
755	-0.581
865	-0.585
780	-0.586
279	-0.588
311	-0.589
547	-0.590
862	-0.595
507	-0.596
456	-0.598
944	-0.598
1274	-0.600
1059	-0.601
519	-0.602
631	-0.605
943	-0.608
113	-0.612
774	-0.612
730	-0.613
192	-0.616
90	-0.617
435	-0.623
274	-0.624
1169	-0.624
1143	-0.625
606	-0.626
697	-0.627
825	-0.629
271	-0.633
31	-0.633
534	-0.634
974	-0.635
1224	-0.638
909	-0.642
50	-0.644
185	-0.648
854	-0.652
231	-0.656
131	-0.659
1155	-0.661
786	-0.665
975	-0.667
8	-0.670
51	-0.679
747	-0.684
299	-0.685
633	-0.686
1126	-0.687
719	-0.687
515	-0.688
428	-0.691
1214	-0.692
327	-0.694
417	-0.697
278	-0.698
701	-0.701
922	-0.702
819	-0.707
71	-0.708
1266	-0.709
488	-0.709
655	-0.710
945	-0.712
341	-0.712
41	-0.729
7	-0.730
10	-0.732
1037	-0.734
420	-0.735
584	-0.735
344	-0.738
759	-0.738
958	-0.738
599	-0.739
597	-0.743
467	-0.747
670	-0.749
1092	-0.751
202	-0.751
161	-0.753
1010	-0.754
626	-0.762
92	-0.766
512	-0.772
152	-0.779
1032	-0.782
856	-0.783
1067	-0.784
937	-0.785
1136	-0.787
366	-0.789
1045	-0.792
920	-0.794
739	-0.798
880	-0.798
636	-0.800
836	-0.803
292	-0.804
931	-0.805
453	-0.807
698	-0.813
888	-0.814
377	-0.814
224	-0.817
397	-0.818
481	-0.820
684	-0.821
1123	-0.829
156	-0.830
823	-0.834
1196	-0.837
141	-0.837
1211	-0.841
874	-0.843
217	-0.844
1203	-0.844
476	-0.855
800	-0.856
1141	-0.858
401	-0.869
603	-0.872
1261	-0.873
1118	-0.875
902	-0.877
387	-0.879
142	-0.880
193	-0.884
99	-0.885
1041	-0.885
620	-0.893
925	-0.893
533	-0.893
333	-0.894
643	-0.904
390	-0.906
711	-0.909
1239	-0.912
347	-0.914
249	-0.914
768	-0.922
1256	-0.926
984	-0.927
642	-0.931
277	-0.936
43	-0.936
162	-0.937
1173	-0.941
108	-0.944
497	-0.946
447	-0.948
873	-0.953
674	-0.953
17	-0.966
175	-0.968
1138	-0.969
1030	-0.974
1149	-0.975
1205	-0.982
1200	-0.985
153	-0.986
158	-0.991
1219	-0.997
559	-1.002
1248	-1.006
634	-1.009
1082	-1.018
504	-1.018
500	-1.024
4	-1.025
1237	-1.030
683	-1.031
336	-1.033
971	-1.036
264	-1.037
956	-1.038
527	-1.044
1193	-1.045
951	-1.047
942	-1.047
1127	-1.050
565	-1.057
1146	-1.061
1094	-1.064
845	-1.068
954	-1.072
528	-1.072
897	-1.073
462	-1.075
628	-1.076
76	-1.076
482	-1.080
1206	-1.081
15	-1.083
179	-1.083
89	-1.088
477	-1.095
844	-1.097
1115	-1.101
6	-1.105
892	-1.108
1216	-1.109
132	-1.110
821	-1.110
841	-1.113
1011	-1.120
896	-1.130
474	-1.143
452	-1.144
24	-1.145
555	-1.147
1017	-1.148
293	-1.152
635	-1.161
491	-1.165
450	-1.167
1064	-1.167
1077	-1.172
351	-1.174
54	-1.186
261	-1.200
646	-1.203
682	-1.210
130	-1.212
360	-1.215
1085	-1.218
753	-1.219
312	-1.219
350	-1.220
763	-1.225
928	-1.227
577	-1.230
168	-1.231
91	-1.236
838	-1.243
238	-1.245
215	-1.246
281	-1.251
1180	-1.256
160	-1.258
541	-1.262
126	-1.264
650	-1.268
47	-1.272
782	-1.277
812	-1.278
727	-1.284
754	-1.287
1070	-1.294
886	-1.294
955	-1.299
1185	-1.301
612	-1.307
1120	-1.309
42	-1.314
651	-1.330
203	-1.338
1212	-1.339
52	-1.349
589	-1.351
171	-1.351
783	-1.353
44	-1.356
85	-1.367
1095	-1.374
1129	-1.375
211	-1.377
1137	-1.383
1201	-1.396
671	-1.407
989	-1.415
648	-1.419
632	-1.420
413	-1.422
0	-1.431
258	-1.440
520	-1.447
744	-1.455
373	-1.455
879	-1.456
263	-1.467
1018	-1.470
718	-1.499
472	-1.500
868	-1.508
1027	-1.524
801	-1.524
120	-1.530
218	-1.533
490	-1.548
1165	-1.549
145	-1.552
242	-1.563
1218	-1.569
809	-1.569
1110	-1.570
443	-1.577
551	-1.581
1251	-1.588
980	-1.595
976	-1.610
662	-1.610
494	-1.611
1005	-1.618
979	-1.621
214	-1.632
155	-1.633
212	-1.642
1199	-1.642
282	-1.647
1272	-1.669
446	-1.687
685	-1.705
502	-1.714
1109	-1.716
791	-1.748
1264	-1.753
556	-1.771
18	-1.776
1229	-1.789
830	-1.793
1270	-1.811
740	-1.811
331	-1.824
437	-1.829
622	-1.830
738	-1.852
907	-1.869
369	-1.874
751	-1.880
1167	-1.909
1102	-1.909
449	-1.917
345	-1.927
745	-1.978
810	-1.997
594	-2.005
213	-2.010
451	-2.029
1151	-2.032
440	-2.043
605	-2.047
574	-2.060
418	-2.078
776	-2.154
324	-2.181
699	-2.225
558	-2.281
129	-2.312
306	-2.364
61	-2.375
334	-2.407
118	-2.435
100	-2.603
695	-2.826
220	-2.972
679	-3.364
